0: (1, 1, 17, 25)
1: (1, 26, 17, 50)
2: (1, 51, 17, 75)
3: (1, 76, 17, 100)
4: (1, 101, 17, 125)
5: (1, 126, 17, 150)
6: (18, 1, 42, 14)
7: (18, 15, 34, 39)
8: (18, 40, 33, 64)
9: (18, 65, 32, 81)
10: (18, 82, 32, 98)
11: (33, 65, 47, 81)
12: (33, 82, 47, 97)
13: (34, 40, 49, 64)
14: (35, 15, 51, 39)
15: (43, 1, 67, 14)
16: (50, 40, 65, 63)
17: (50, 64, 64, 88)
18: (52, 15, 68, 39)
19: (65, 64, 76, 76)
20: (65, 77, 74, 89)
21: (66, 40, 81, 63)
22: (68, 1, 92, 14)
23: (69, 15, 85, 39)
24: (75, 84, 83, 96)
25: (77, 64, 88, 71)
26: (77, 72, 87, 83)
27: (82, 40, 97, 63)
28: (86, 15, 102, 39)
29: (88, 72, 97, 82)
30: (88, 83, 96, 95)
31: (89, 64, 100, 71)
32: (93, 1, 117, 14)
33: (98, 40, 113, 63)
34: (98, 77, 107, 87)
35: (101, 64, 111, 76)
36: (103, 15, 117, 39)
37: (112, 66, 122, 78)
38: (114, 42, 129, 65)
39: (118, 1, 134, 25)
40: (118, 26, 134, 41)
41: (123, 73, 133, 85)
42: (130, 49, 145, 72)
43: (134, 73, 144, 85)
44: (135, 1, 151, 25)
45: (135, 26, 151, 40)
46: (135, 41, 151, 48)
47: (146, 68, 161, 91)
48: (152, 1, 168, 25)
49: (152, 26, 168, 34)
50: (152, 35, 168, 42)
51: (152, 43, 167, 67)
52: (162, 85, 177, 101)
53: (168, 60, 183, 84)
54: (169, 1, 185, 25)
55: (169, 26, 185, 34)
56: (169, 35, 184, 59)
57: (178, 97, 193, 113)
58: (184, 72, 199, 96)
59: (185, 47, 200, 71)
60: (186, 1, 202, 24)
61: (186, 25, 202, 46)
62: (194, 97, 209, 110)
63: (194, 111, 209, 121)
64: (200, 72, 215, 96)
65: (201, 47, 216, 71)
66: (203, 1, 219, 24)
67: (203, 25, 219, 46)
68: (210, 97, 225, 110)
69: (210, 111, 225, 121)
70: (216, 72, 231, 96)
71: (217, 47, 232, 71)
72: (220, 1, 236, 24)
73: (220, 25, 236, 46)
74: (226, 117, 240, 141)
75: (232, 92, 247, 116)
76: (233, 67, 248, 91)
77: (237, 1, 253, 22)
78: (237, 23, 253, 44)
79: (237, 45, 253, 66)
80: (241, 117, 255, 141)
81: (249, 67, 255, 79)
82: (249, 80, 255, 92)
83: (1, 151, 17, 175)
84: (1, 176, 17, 200)
85: (1, 201, 17, 225)
86: (1, 226, 17, 250)
